278 
435 
872 
146 
964 
328 
635 
501 
928 
394 
712 
859 
111 
203 
647 
742 
210 
315 
899 
584 
453 
676 
957 
739 
311 
124 
592 
881 
360 
679 
419 
754 
287 
665 
991 
133 
578 
812 
926 
435 
711 
564 
298 
639 
890 
403 
758 
291 
682 
501 
944 
723 
359 
610 
839 
472 
688 
253 
541 
795 
104 
323 
568 
762 
432 
996 
249 
623 
895 
312 
780 
571 
438 
649 
903 
142 
357 
519 
764 
284 
667 
135 
589 
742 
913 
204 
607 
352 
475 
799 
231 
690 
542 
843 
318 
709 
584 
956 
108 
377
0
1
1
2
3
5
8
13
21
34
55
89
144
233
377
610
987
1597
2584
4181
6765
10946
17711
28657
46368
75025
5
12
13
7
24
25
8
15
17
9
12
15
11
60
61
12
35
37
15
112
113
